0 16 17 4 
16 3 4 31 
3 8 31 16 
8 0 16 21 
0 16 21 7 
16 3 7 19 
17 4 1 22 
4 31 22 2 
31 16 2 8 
16 21 8 1 
21 7 1 30 
7 19 30 2 
1 22 9 17 
22 2 17 9 
2 8 9 4 
8 1 4 27 
1 30 27 31 
30 2 31 27 
9 17 0 28 
17 9 28 3 
9 4 3 14 
4 27 14 0 
27 31 0 20 
31 27 20 3 
0 28 17 5 
28 3 5 23 
3 14 23 22 
14 0 22 29 
0 20 29 6 
20 3 6 19 
17 5 1 18 
5 23 18 2 
23 22 2 14 
22 29 14 1 
29 6 1 18 
6 19 18 2 
3 24 31 28 
24 0 28 21 
31 28 2 24 
28 21 24 1 
2 24 9 5 
24 1 5 15 
1 30 15 23 
30 2 23 15 
9 5 3 10 
5 15 10 0 
15 23 0 20 
23 15 20 3 
3 10 23 18 
10 0 18 29 
23 18 2 10 
18 29 10 1 
3 12 31 20 
12 0 20 21 
31 20 2 12 
20 21 12 1 
1 22 25 29 
22 2 29 25 
2 12 25 6 
12 1 6 11 
1 30 11 19 
30 2 19 11 
25 29 0 28 
29 25 28 3 
25 6 3 10 
6 11 10 0 
11 19 0 20 
19 11 20 3 
1 22 13 21 
22 2 21 13 
2 8 13 7 
8 1 7 11 
13 21 0 28 
21 13 28 3 
13 7 3 26 
7 11 26 0 
3 26 23 30 
26 0 30 29 
23 30 2 26 
30 29 26 1 
3 8 19 8 
8 0 8 17 
19 8 2 8 
8 17 8 1 
2 8 27 16 
8 1 16 13 
27 16 3 8 
16 13 8 0 
1 18 9 9 
18 2 9 9 
2 14 9 17 
14 1 17 9 
1 18 27 27 
18 2 27 27 
2 26 27 31 
26 1 31 27 
9 9 0 16 
9 9 16 3 
9 17 3 24 
17 9 24 0 
27 27 0 16 
27 27 16 3 
27 31 3 12 
31 27 12 0 
3 14 19 14 
14 0 14 17 
19 14 2 14 
14 17 14 1 
2 14 15 22 
14 1 22 25 
15 22 3 14 
22 25 14 0 
3 24 19 24 
24 0 24 17 
19 24 2 24 
24 17 24 1 
2 24 27 28 
24 1 28 13 
27 28 3 24 
28 13 24 0 
1 18 15 15 
18 2 15 15 
2 26 15 23 
26 1 23 15 
15 15 0 16 
15 15 16 3 
15 23 3 12 
23 15 12 0 
3 10 19 10 
10 0 10 17 
19 10 2 10 
10 17 10 1 
2 10 15 18 
10 1 18 25 
15 18 3 10 
18 25 10 0 
3 12 19 12 
12 0 12 17 
19 12 2 12 
12 17 12 1 
2 12 27 20 
12 1 20 13 
27 20 3 12 
20 13 12 0 
1 18 25 25 
18 2 25 25 
2 14 25 29 
14 1 29 25 
1 18 11 11 
18 2 11 11 
2 26 11 19 
26 1 19 11 
25 25 0 16 
25 25 16 3 
25 29 3 24 
29 25 24 0 
11 11 0 16 
11 11 16 3 
11 19 3 12 
19 11 12 0 
1 18 13 13 
18 2 13 13 
2 14 13 21 
14 1 21 13 
13 13 0 16 
13 13 16 3 
13 21 3 24 
21 13 24 0 
3 26 19 26 
26 0 26 17 
19 26 2 26 
26 17 26 1 
2 26 15 30 
26 1 30 25 
15 30 3 26 
30 25 26 0 
2 8 11 8 
8 1 8 9 
11 8 3 8 
8 9 8 0 
2 10 9 9 
10 1 9 9 
2 10 27 27 
10 1 27 27 
9 9 3 8 
9 9 8 0 
27 27 3 8 
27 27 8 0 
2 14 11 14 
14 1 14 9 
11 14 3 14 
14 9 14 0 
2 24 11 24 
24 1 24 9 
11 24 3 24 
24 9 24 0 
2 10 15 15 
10 1 15 15 
15 15 3 8 
15 15 8 0 
2 10 11 10 
10 1 10 9 
11 10 3 10 
10 9 10 0 
2 12 11 12 
12 1 12 9 
11 12 3 12 
12 9 12 0 
2 10 25 25 
10 1 25 25 
2 10 11 11 
10 1 11 11 
25 25 3 8 
25 25 8 0 
11 11 3 8 
11 11 8 0 
2 10 13 13 
10 1 13 13 
13 13 3 8 
13 13 8 0 
2 26 11 26 
26 1 26 9 
11 26 3 26 
26 9 26 0 
